0.6853211 -0.21409412 -0.7343115
1.1357536 -0.10201304 -1.1129662
1.1799593 -0.09753706 -1.1808199
1.1622825 -0.12935336 -1.2108433
1.1436478 -0.14665969 -1.2037188
1.1145005 -0.14731178 -1.223964
1.1312728 -0.1352004 -1.2865722
1.1480935 -0.13569091 -1.344637
1.1520133 -0.13207592 -1.3749626
1.1399742 -0.12512095 -1.4033744
1.1175869 -0.10816954 -1.4614737
1.1139294 -0.09500833 -1.507767
1.0968622 -0.0700263 -1.5868024
1.083828 -0.055482194 -1.6387057
1.0732567 -0.04038994 -1.6823978
1.0536588 -0.012947753 -1.7682751
1.0267876 -0.008673117 -1.8125558
1.0048198 -0.009591877 -1.8598385
0.90742344 -0.014885262 -2.001242
0.8282493 -0.0074076504 -2.1517644
0.800398 0.008009948 -2.2489398
0.77955306 0.02865851 -2.340262
0.71873206 0.0789261 -2.4614549
0.70275056 0.10874227 -2.5013506
0.68247926 0.1344021 -2.5257366
0.6289649 0.19061312 -2.544839
0.61638373 0.21563694 -2.5417283
0.60820466 0.24246451 -2.539855
0.5936616 0.29657742 -2.5500302
0.59831005 0.3225366 -2.5732822
0.6045248 0.37241846 -2.6184986
0.613786 0.39376986 -2.6499107
0.6222085 0.4136561 -2.6736357
0.63176656 0.44634193 -2.699057
0.63160866 0.4558969 -2.700982
0.6295062 0.46352977 -2.6980934
0.6293127 0.4759276 -2.6985939
0.62484336 0.47504205 -2.691894
0.617015 0.4827524 -2.6802397
0.6102059 0.47916192 -2.673226
0.6030895 0.47619173 -2.6672268
0.5846472 0.46946365 -2.6399105
0.5754349 0.4601763 -2.6279502
0.5649327 0.45349833 -2.6196575
0.56161016 0.44884473 -2.6219893
0.55852294 0.4450384 -2.6225703
0.55434275 0.43784076 -2.619754
0.55555445 0.43337986 -2.6209946
0.56049585 0.42703438 -2.6221476
0.56555 0.42439842 -2.6263423
0.5704452 0.42355245 -2.6318605
0.580469 0.42573798 -2.641981
0.5872389 0.4288761 -2.6504798
0.59226584 0.43143204 -2.6566696
0.60005194 0.43734747 -2.666548
0.6032784 0.440205 -2.6736267
0.60823864 0.44944978 -2.6899848
0.60855997 0.45181337 -2.6992128
0.6083386 0.4528555 -2.7081246
0.60221165 0.45117435 -2.7188983
0.5955982 0.4438929 -2.7218776
0.5894494 0.436718 -2.7235925
0.5777343 0.42685717 -2.7298725
0.5707661 0.4211787 -2.7347372
0.5598922 0.41317886 -2.741203
0.5540489 0.40991706 -2.740421
0.54774755 0.4069649 -2.737014
0.53861415 0.4037804 -2.7369394
0.5354753 0.4044546 -2.7373953
0.5284364 0.40282255 -2.72972
0.52856386 0.40216103 -2.7262518
0.53091025 0.40002498 -2.7248325
0.53618985 0.39693677 -2.7193866
0.54296565 0.3960915 -2.7204542
0.55373204 0.39666688 -2.7213874
0.55933 0.39582875 -2.7226777
0.56439763 0.39625192 -2.7232962
0.5716109 0.39630175 -2.7246988
0.5732864 0.3963892 -2.7264142
0.57436615 0.40057576 -2.73142
0.5715601 0.40404692 -2.7330015
0.5685736 0.40813017 -2.7331586
0.56371 0.41443276 -2.7324243
0.56077653 0.4180748 -2.7323158
0.55997074 0.421906 -2.7340271
0.5624121 0.42742908 -2.740737
0.56672764 0.43028396 -2.748942
0.57107264 0.4325191 -2.7572014
0.5769511 0.43487054 -2.7683845
0.57916504 0.43595257 -2.7722547
0.57835954 0.43692315 -2.7748342
0.5766958 0.43637735 -2.7732213
0.5748693 0.43666676 -2.7728522
0.5729139 0.4389727 -2.7744067
0.57099324 0.43898344 -2.7725182
0.5689862 0.4383385 -2.7712765
0.56706005 0.43609616 -2.7689784
0.56703097 0.43328 -2.7668755
0.56704587 0.43131194 -2.7654128
0.56599504 0.4303301 -2.7637463
0.5655556 0.43037465 -2.7630608
0.564696 0.4301423 -2.7630255
0.5649475 0.42982042 -2.763437
0.56537783 0.4299659 -2.7642422
0.56508166 0.42932826 -2.7636852
0.5641936 0.42809415 -2.762846
0.564085 0.42749745 -2.7634337
0.56335235 0.42756227 -2.7616992
0.5639589 0.42842537 -2.7623472
0.56474423 0.4294893 -2.7638724
0.56537235 0.43043453 -2.7650275
0.56587195 0.43093264 -2.765939
0.5673035 0.43123654 -2.7683377
0.56831133 0.4311375 -2.7694044
0.5691657 0.43170348 -2.770062
0.5686582 0.43259865 -2.7680798
0.56886494 0.43402153 -2.7673707
0.56943935 0.43483752 -2.7672937
0.57108194 0.43631288 -2.770182
0.5718851 0.43650487 -2.7717047
0.574232 0.4373489 -2.7772214
0.5764706 0.43724382 -2.7806551
0.5789136 0.43721473 -2.7831016
0.58130366 0.43910223 -2.786169
0.5813676 0.44013524 -2.7871728
0.58066636 0.44102028 -2.7872727
0.57654846 0.43895078 -2.7806714
0.5718498 0.43595883 -2.7712119
0.5619711 0.43010238 -2.7498066
0.5576101 0.42788315 -2.7402406
0.5558787 0.42729127 -2.7368374
0.5542613 0.42775342 -2.7344165
0.5553129 0.428289 -2.7367737
0.55599356 0.42908585 -2.738242
0.55838126 0.42968836 -2.743083
0.560161 0.42963767 -2.7478595
0.56186664 0.43082768 -2.7520096
0.5631242 0.4316394 -2.7547233
0.56427395 0.43238038 -2.757361
0.5655168 0.43229586 -2.7604365
0.5644966 0.4316718 -2.7594306
0.56389797 0.43020874 -2.7578416
0.5623995 0.42742527 -2.754144
0.5613708 0.42642444 -2.7514687
0.5613484 0.42584938 -2.75058
0.56199366 0.42525584 -2.7511404
0.562375 0.42594984 -2.7506962
0.5646363 0.4260933 -2.757946
0.5655487 0.4261402 -2.760045
0.56575966 0.42574635 -2.7598357
0.56559914 0.42606908 -2.75789
0.56506836 0.42634812 -2.7559133
0.5649266 0.4268208 -2.7541187
0.5658908 0.42757255 -2.755819
0.5670734 0.42780006 -2.7577846
0.56894803 0.4268482 -2.7590556
0.56885016 0.4269734 -2.7585804
0.56811565 0.42696673 -2.7583034
0.56615216 0.427755 -2.7574098
0.56486464 0.42873397 -2.7567117
0.5643083 0.42810717 -2.755316
0.5631647 0.42831558 -2.7521298
0.56282365 0.42734694 -2.7507463
0.56281775 0.42650658 -2.7491481
0.56225014 0.42593718 -2.7467704
0.56189686 0.42597124 -2.7458827
0.5625384 0.42534247 -2.745856
0.5635167 0.42484158 -2.7468517
0.56417227 0.4244841 -2.746691
0.5638574 0.42385763 -2.745314
0.56331927 0.42321846 -2.7446187
0.5625698 0.42270058 -2.7430897
0.56148654 0.422658 -2.740724
0.56187785 0.42253274 -2.7392173
0.5636937 0.42205113 -2.742764
0.5641625 0.42307547 -2.742966
0.56428254 0.4247167 -2.743747
0.56438327 0.42694882 -2.7448123
0.5642623 0.42739123 -2.7459319
0.564135 0.42708507 -2.7475061
0.56511414 0.42755413 -2.7530959
0.5664042 0.42798546 -2.7582722
0.56704324 0.42781693 -2.7595797
0.56663597 0.4257118 -2.755582
0.565923 0.42398086 -2.751591
0.5633911 0.42182547 -2.7442055
0.56167585 0.42106605 -2.7392688
0.56091136 0.42148003 -2.7370293
0.5606078 0.4227861 -2.7378647
0.56177676 0.42429513 -2.742381
0.5623438 0.42551392 -2.7440248
0.5634234 0.42599005 -2.7464497
0.56368876 0.42597526 -2.7481093
0.5633752 0.426589 -2.7482436
0.5624047 0.42678374 -2.7465184
0.56142217 0.42722136 -2.7439988
0.560038 0.42833865 -2.741961
0.5600165 0.42814904 -2.7418215
0.5607103 0.4274 -2.7424898
0.5590364 0.42720243 -2.741328
0.5576352 0.42640895 -2.7395484
0.55686885 0.42536455 -2.737844
0.5550636 0.42514738 -2.7334654
0.5544454 0.4258697 -2.731354
0.5549932 0.4258271 -2.7311597
0.55540144 0.42526808 -2.730409
0.5571633 0.42456788 -2.7320788
0.5588691 0.4242661 -2.7373097
0.5608725 0.42432615 -2.7414842
0.5630091 0.42481256 -2.7444737
0.56705576 0.4251142 -2.7518425
0.56839 0.42561072 -2.7558026
0.5699323 0.42685962 -2.7581763
0.5694202 0.42732885 -2.7536583
0.5680481 0.42712072 -2.747674
0.56602275 0.42731082 -2.7422192
0.56432134 0.42738965 -2.7392144
0.5632063 0.4279409 -2.7373035
0.56243455 0.42860162 -2.7364419
0.5621246 0.42906398 -2.737634
0.5604303 0.42945093 -2.7315073
0.5589303 0.42928922 -2.7281046
0.5589616 0.42878944 -2.725649
0.56024367 0.42841923 -2.725887
0.56068933 0.42835793 -2.7279003
0.56136584 0.42842758 -2.7297747
0.56303525 0.4277782 -2.7331874
0.5642284 0.42785048 -2.7368793
0.5641172 0.42846632 -2.7385116
0.56425166 0.42830324 -2.7381148
0.56433254 0.42859367 -2.7379043
0.564282 0.4290826 -2.7383285
0.5669431 0.42893976 -2.7425556
0.5689019 0.4285083 -2.7459137
0.57011056 0.42815328 -2.7489014
0.5702912 0.42887455 -2.7492304
0.57060915 0.42979068 -2.7492096
0.5715588 0.43029317 -2.7513506
0.5700737 0.4306582 -2.7496817
0.56929135 0.43065134 -2.7489998
0.56966263 0.42952293 -2.74738
0.5695741 0.42917886 -2.746097
0.56936944 0.42926013 -2.7447925
0.56984174 0.42895386 -2.745554
0.5700554 0.4285381 -2.745624
0.57085127 0.42801636 -2.7461588
0.5704025 0.4280031 -2.7431755
0.5697842 0.42901716 -2.7389965
0.56965244 0.42948636 -2.7391956
0.5703638 0.43033406 -2.741166
0.572495 0.43173242 -2.747448
0.5750015 0.4324135 -2.7534626
0.57625264 0.43280384 -2.7567844
0.57516026 0.43154916 -2.7549999
0.57406193 0.4303947 -2.7524357
0.57232666 0.42917287 -2.7472436
0.57117146 0.4286257 -2.7438579
0.57007754 0.42878968 -2.7410352
0.56822956 0.42874792 -2.7363539
0.56737036 0.429001 -2.735459
0.56680036 0.42950058 -2.7355206
0.56634134 0.43099645 -2.7355933
0.56611824 0.43123353 -2.7358274
0.5664362 0.4319373 -2.736775
0.5669364 0.43225983 -2.7375271
0.5676078 0.4331017 -2.739971
0.5698367 0.4345235 -2.746406
0.5716632 0.43619695 -2.7507854
0.5729101 0.43704775 -2.753355
0.57434416 0.4380039 -2.7557719
0.5750977 0.437899 -2.7558165
0.57536864 0.43760037 -2.7568188
0.57568884 0.43710732 -2.7580056
0.5757895 0.43734464 -2.7593071
0.57818115 0.4399711 -2.7648797
0.5791881 0.44127128 -2.7665553
0.57970965 0.4413459 -2.7667663
0.5804999 0.44120145 -2.765615
0.58060473 0.4400653 -2.7607803
0.58025354 0.43784928 -2.7534826
0.5794545 0.4375135 -2.7507944
0.5792607 0.4376962 -2.748285
0.5787067 0.43977278 -2.7459934
0.57990646 0.44085407 -2.7490568
0.58135116 0.44152305 -2.7529194
0.5833734 0.44295627 -2.7565346
0.5846252 0.4437048 -2.759651
0.58494925 0.44446182 -2.760344
0.5847016 0.4440864 -2.7596393
0.58472407 0.44284296 -2.7587876
0.5841845 0.4412296 -2.7559485
0.58278364 0.440209 -2.7513409
0.5811267 0.44012913 -2.7485054
0.5799211 0.44001484 -2.7453084
0.5798686 0.43966702 -2.74488
0.5797278 0.43941754 -2.743884
0.5793492 0.43883312 -2.7433636
0.5792547 0.4371925 -2.7437077
0.5787763 0.43625236 -2.7441535
0.57883894 0.43565428 -2.7433765
0.57944965 0.43507326 -2.7423713
0.58024335 0.43440384 -2.7429712
0.579933 0.43386045 -2.743573
0.580798 0.4342762 -2.7439704
0.58171654 0.43480226 -2.7455635
0.5823799 0.43514 -2.7465074
0.58286303 0.43542096 -2.7468789
0.58440936 0.43575144 -2.7487419
0.5848054 0.43550637 -2.749992
0.5846659 0.43524328 -2.750896
0.5856341 0.4358021 -2.7535963
0.58624727 0.4366336 -2.7543457
0.58640474 0.43740454 -2.7531261
0.58456016 0.4376539 -2.7490172
0.58351195 0.43754092 -2.7469096
0.5821929 0.43843147 -2.7457051
0.5825618 0.43926913 -2.7466314
0.58239114 0.43931746 -2.7460988
0.58204126 0.43871468 -2.7431443
0.58165306 0.4377221 -2.7417114
0.5810948 0.43702945 -2.7409658
0.5801607 0.43693262 -2.7395375
0.5813126 0.4367336 -2.7417989
0.58344096 0.4365232 -2.7470303
0.5846878 0.43657666 -2.750033
0.5851704 0.43651927 -2.7525034
0.58733755 0.4364346 -2.7600129
0.58874273 0.43678117 -2.763229
0.58987856 0.43763155 -2.7652254
0.59067184 0.43931004 -2.7659936
0.59065104 0.43963957 -2.7644448
0.590534 0.43922448 -2.7634315
0.5882672 0.438234 -2.7597864
0.585365 0.43793702 -2.7552028
0.57605636 0.4380997 -2.749795
0.5688862 0.43829843 -2.747254
0.5609999 0.43805358 -2.7455459
0.547818 0.43680063 -2.7542233
0.5410597 0.436104 -2.762939
0.52701443 0.4353095 -2.780897
0.5195353 0.4345058 -2.7907357
0.51118696 0.43426356 -2.7971187
0.49110672 0.43213826 -2.8018787
0.47860235 0.42836466 -2.7986314
0.4655336 0.42496324 -2.7959144
0.44593468 0.42354953 -2.7951307
0.4392861 0.42382368 -2.795545
0.43115693 0.42434484 -2.793104
0.43220586 0.4252473 -2.7919471
0.43316522 0.42536077 -2.7899027
0.43619162 0.4248781 -2.7862701
0.44113442 0.42589808 -2.7857742
0.44459635 0.4273341 -2.7844684
0.44726652 0.43116122 -2.7774117
0.44879636 0.4342263 -2.7758064
0.45441574 0.43857366 -2.7792444
0.45805624 0.4409529 -2.782581
0.4604236 0.4426264 -2.7843652
0.4650813 0.44544548 -2.7896152
0.46790516 0.44544777 -2.7929747
0.4706087 0.44546327 -2.7956913
0.47738105 0.44627017 -2.804329
0.48037693 0.44617835 -2.8084292
0.48120472 0.44586685 -2.8087554
0.4813667 0.4444092 -2.803567
0.47969115 0.44280255 -2.7963576
0.47481668 0.43962643 -2.7807872
0.4713551 0.43810472 -2.7703402
0.4683949 0.4369149 -2.7627983
0.46531248 0.434597 -2.7497053
0.46390563 0.4333397 -2.7451668
0.46275678 0.43293607 -2.741779
0.46144184 0.432435 -2.7368245
0.46215904 0.43217918 -2.737262
0.46439886 0.431121 -2.7404213
0.4666822 0.43044922 -2.7440195
0.46928155 0.42964193 -2.7479682
0.47470695 0.42992195 -2.7553318
0.4780835 0.43156853 -2.7597435
0.4818404 0.43544737 -2.766031
0.4820404 0.43761244 -2.7657988
0.481779 0.43913767 -2.765778
0.48287824 0.44088537 -2.7692635
0.48363477 0.4402266 -2.7707207
0.4864004 0.44077045 -2.7762651
0.4881638 0.43929595 -2.778447
0.48848298 0.43838713 -2.778526
0.48913264 0.43729088 -2.7776759
0.4894295 0.4363207 -2.775564
0.48941207 0.43523705 -2.7722101
0.49176446 0.43493265 -2.7702365
0.49316353 0.43587643 -2.7725158
0.49533463 0.4366499 -2.7748597
0.4962213 0.4371183 -2.776337
0.49663067 0.43734592 -2.7770157
0.49699047 0.43854338 -2.7786288
0.49677938 0.43895185 -2.7799788
0.49554637 0.43803892 -2.7791212
0.4942086 0.43755516 -2.7780502
0.4928807 0.43689936 -2.7758925
0.49058917 0.436454 -2.773872
0.48951614 0.43615127 -2.7728505
0.4888177 0.43657696 -2.7734416
0.48724344 0.43660796 -2.7717714
0.487182 0.4361046 -2.771824
0.48851192 0.43552804 -2.772715
0.4903713 0.43534717 -2.7760904
0.49222645 0.43538842 -2.7791276
0.49447054 0.43738803 -2.7852807
0.49546218 0.43809175 -2.7869062
0.49554646 0.43774113 -2.7869723
0.4971334 0.43654284 -2.7872303
0.49661973 0.4352695 -2.7853518
0.49451515 0.4336247 -2.7812924
0.49227422 0.43279895 -2.7766764
0.4905252 0.43214154 -2.7729802
0.4881008 0.43156832 -2.7683487
0.48721683 0.43158525 -2.7658854
0.48799658 0.43145275 -2.7657528
0.48909658 0.43186924 -2.7677817
0.49010944 0.4324532 -2.7700696
0.48898697 0.43293422 -2.7688725
0.48795536 0.43315905 -2.7677896
0.48710582 0.43319362 -2.767162
0.48690256 0.43332937 -2.7681098
0.4876524 0.4335943 -2.770461
0.48788756 0.43456316 -2.7718687
0.48780403 0.43431148 -2.7721295
0.4876465 0.4338253 -2.7708826
0.4871335 0.43252403 -2.7689898
0.48623723 0.431843 -2.767562
0.48591134 0.43144816 -2.767446
0.48502982 0.43141973 -2.7674136
0.48451847 0.4315207 -2.7666905
0.484528 0.4310934 -2.7659254
0.48429894 0.43050885 -2.7665467
0.48391348 0.43027154 -2.7665884
0.48433912 0.4297248 -2.7661452
0.4841614 0.4294005 -2.765275
0.4853875 0.4293635 -2.7661138
0.4885823 0.42904145 -2.769502
0.4896688 0.4292747 -2.771119
0.49055097 0.43009937 -2.773812
0.49312848 0.43037736 -2.778321
0.4950223 0.43062252 -2.782559
0.49723214 0.4313241 -2.7872055
0.4998171 0.4322766 -2.792406
0.4986998 0.43177143 -2.7906191
0.4960699 0.43035918 -2.7871716
0.49355763 0.42960137 -2.7832956
0.49141246 0.42986166 -2.7799506
0.489737 0.42996398 -2.7778966
0.49019966 0.43020797 -2.7788453
0.4912532 0.43050689 -2.7798557
0.49356666 0.43054396 -2.7825136
0.49557087 0.4308135 -2.7848895
0.49764165 0.4314549 -2.7882752
0.49781427 0.43184996 -2.7898428
0.49704444 0.43219185 -2.7905946
0.4950475 0.4324304 -2.7876167
0.49277195 0.43213856 -2.7842245
0.491126 0.4319558 -2.78258
0.48657948 0.43028158 -2.7770677
0.48454386 0.42929918 -2.7745745
0.4811176 0.42839447 -2.7719927
0.48040408 0.42788535 -2.771508
0.4797941 0.42750388 -2.7708604
0.47934577 0.42756265 -2.7711165
0.48038486 0.42736712 -2.7737954
0.48162764 0.42735368 -2.775676
0.48308727 0.42692548 -2.7775369
0.48407748 0.42647347 -2.778618
0.48850557 0.42598248 -2.782055
0.4912264 0.42576998 -2.783663
0.49384415 0.42608953 -2.7860057
0.500841 0.42884955 -2.7950237
0.5051001 0.4310221 -2.800578
0.50986457 0.43359357 -2.8050637
0.51029575 0.4341095 -2.8054562
0.51072365 0.43468928 -2.8077385
0.5113433 0.4351781 -2.8093965
0.50980496 0.4346811 -2.8086798
0.5084173 0.4343858 -2.8081136
0.50604945 0.4337044 -2.8059664
0.503334 0.43277115 -2.8031564
0.5007516 0.43186188 -2.800926
0.49681532 0.43024397 -2.796739
0.49475786 0.4289682 -2.7929688
0.4901891 0.42796144 -2.7873151
0.4891101 0.4270596 -2.7867892
0.48821628 0.42594177 -2.7864084
0.48725003 0.42478788 -2.7850752
0.48710167 0.4243162 -2.7840672
0.4881549 0.42413062 -2.7847137
0.48920348 0.4236747 -2.7857594
0.48867792 0.424043 -2.7858453
0.48838845 0.42443344 -2.7852044
0.48863563 0.4243192 -2.7851923
0.48766515 0.4238238 -2.7830756
0.48644298 0.42385092 -2.781454
0.4857826 0.4238921 -2.7815218
0.48391977 0.42381346 -2.7805696
0.48263445 0.42345554 -2.7791224
0.48219222 0.42283043 -2.7783823
0.4831229 0.42163867 -2.7794552
0.48383442 0.42125285 -2.7800992
0.4833987 0.42130804 -2.7796543
0.48261398 0.42173484 -2.7789016
0.4822137 0.4223006 -2.778897
0.48206475 0.42235708 -2.778175
0.48095497 0.42269683 -2.7766874
0.4814958 0.4226353 -2.7771676
0.48555636 0.4229151 -2.7830508
0.48706856 0.42336786 -2.7858577
0.48774874 0.42395157 -2.7871695
0.4900627 0.42406195 -2.7900722
0.49083436 0.42404792 -2.7909396
0.48871258 0.4244839 -2.789268
0.48643112 0.4240268 -2.7872097
0.48394623 0.4236904 -2.7849996
0.4795948 0.42193735 -2.7794025
0.4775311 0.42094788 -2.7775106
0.4766658 0.4199556 -2.7758129
0.47588545 0.4186215 -2.7743657
0.47611985 0.4178324 -2.7749958
0.4763175 0.4176491 -2.7758975
0.47788405 0.4184255 -2.7798924
0.47932166 0.41948578 -2.7824242
0.480603 0.42005962 -2.7839699
0.48200858 0.4207086 -2.7857442
0.48363718 0.42122787 -2.7881134
0.48711935 0.42283967 -2.79316
0.48836115 0.42338055 -2.7938933
0.48865193 0.42424127 -2.7939534
0.48833764 0.42420107 -2.7929187
0.48821494 0.4239518 -2.791575
0.48967993 0.42406544 -2.791857
0.49095246 0.4239564 -2.7922497
0.4918634 0.42389506 -2.7930934
0.4924168 0.42432916 -2.7945898
0.49249896 0.42455244 -2.7955258
0.49160606 0.42522162 -2.79707
0.48898602 0.42553738 -2.7951643
0.48755866 0.42443237 -2.7929637
0.4857903 0.42211416 -2.7876759
0.48439386 0.42100275 -2.783423
0.48289502 0.42048892 -2.7798457
0.47870725 0.42006737 -2.7749763
0.47672296 0.41976756 -2.772937
0.47528866 0.41932768 -2.7718983
0.475836 0.41859698 -2.7732196
0.4785374 0.41841394 -2.7780254
0.48194182 0.418828 -2.783354
0.48352 0.41958645 -2.7866538
0.48460814 0.42051518 -2.7897336
0.4899064 0.42208463 -2.8001256
0.49232823 0.4236711 -2.804874
0.4935036 0.42458093 -2.8062556
0.49347234 0.42502168 -2.803581
0.49192348 0.4246791 -2.8003218
0.4885472 0.4244168 -2.797654
0.48642278 0.42362988 -2.793916
0.4857649 0.4229551 -2.7914467
0.4864114 0.42264032 -2.7927103
0.48709226 0.42240793 -2.7935038
0.4883238 0.4222734 -2.7941983
0.48981285 0.42246896 -2.7964582
0.48957604 0.4229751 -2.797773
0.4900212 0.42346624 -2.7983744
0.4901911 0.42331976 -2.7976723
0.48962918 0.42339465 -2.7967875
0.4893307 0.4225912 -2.794406
0.48862007 0.42181203 -2.7931106
0.48711511 0.4212978 -2.7922285
0.48559585 0.42086396 -2.7903676
0.4858133 0.4205336 -2.7900198
0.48599708 0.42028922 -2.7893047
0.4842133 0.42080408 -2.789237
0.48346943 0.42083842 -2.78937
0.48118958 0.41968215 -2.7861083
0.4796023 0.4191205 -2.7832458
0.47813556 0.41897053 -2.781209
0.4774177 0.4180367 -2.7789817
0.47796977 0.41730833 -2.7785714
0.47760105 0.4174136 -2.7792594
0.4753045 0.4177886 -2.778366
0.47448778 0.41828692 -2.7817492
0.47464556 0.4226963 -2.7987201
0.4749551 0.4274092 -2.8154712
0.4722125 0.4316029 -2.8258562
0.4578349 0.43433186 -2.8277388
0.44208896 0.43202764 -2.8162477
0.42548633 0.4292391 -2.8043642
0.3938731 0.42300034 -2.7818513
0.37501857 0.4186126 -2.766671
0.35186923 0.41335663 -2.753989
0.34428006 0.41056913 -2.7500184
0.33789912 0.4076388 -2.748384
0.33249936 0.40563247 -2.75336
0.34718922 0.40968996 -2.781259
0.3617692 0.41581407 -2.804282
0.38216874 0.42423385 -2.8299603
0.39204836 0.42909688 -2.8372803
0.3985207 0.4344155 -2.840782
0.3966717 0.43475068 -2.8364244
0.3942862 0.43446487 -2.8321223
0.39031482 0.43423688 -2.824131
0.38677394 0.43221143 -2.8173637
0.38450703 0.43082303 -2.8124726
0.38316864 0.42891088 -2.8081388
0.38220692 0.42612582 -2.8067565
0.37957475 0.42346102 -2.8044648
0.3784295 0.42209622 -2.8040388
0.37828037 0.4211343 -2.8041995
0.3811842 0.4196238 -2.8074312
0.3849216 0.41887558 -2.8105192
0.38851148 0.41750044 -2.8124573
0.39113978 0.416152 -2.8152273
0.391616 0.41608956 -2.8156521
0.39131704 0.4160546 -2.8154314
0.38962403 0.41558003 -2.8133068
0.38804027 0.4167078 -2.8099644
0.38884646 0.41992354 -2.8059633
0.391739 0.42310637 -2.8041482
0.3953425 0.42660356 -2.8035574
0.40454695 0.43565425 -2.8051739
0.40985692 0.44331264 -2.8063016
0.41404933 0.451918 -2.8073397
0.421997 0.46746707 -2.8122463
0.42325702 0.4724968 -2.8125222
0.4261713 0.49139532 -2.8150957
0.42457417 0.48760444 -2.8142407
0.42301077 0.48280758 -2.8145013
0.419867 0.47631866 -2.8149245
0.418132 0.4669258 -2.8157027
0.4177445 0.46024367 -2.8164978
0.4161743 0.45360437 -2.8155181
0.41384175 0.44924545 -2.8125234
0.4120907 0.4443109 -2.8090355
0.41232148 0.44316006 -2.8094547
0.4129964 0.4425997 -2.8094308
0.4138927 0.436993 -2.8100348
0.41469565 0.4377684 -2.8097303
0.4166974 0.43893585 -2.8124676
0.41765073 0.4396959 -2.81486
0.4190708 0.43857473 -2.8186886
0.41994563 0.4373219 -2.821547
0.42031887 0.4392923 -2.8239195
0.42116547 0.44067484 -2.8267045
0.42035112 0.44051987 -2.827302
0.4192074 0.44024274 -2.8260574
0.41764042 0.4405189 -2.8239434
0.414275 0.43978792 -2.8177745
0.41262266 0.43985683 -2.8146887
0.41257578 0.4407305 -2.813622
0.41313472 0.4417672 -2.813694
0.41342768 0.44210166 -2.8127167
0.41422728 0.44290158 -2.81361
0.41372398 0.44308114 -2.8130715
0.41327175 0.44338706 -2.813855
0.41537794 0.44483015 -2.8178208
0.4172871 0.44569826 -2.8211188
0.41931504 0.44625387 -2.823806
0.42097506 0.446341 -2.824259
0.42005622 0.44587404 -2.821585
0.4194474 0.44437897 -2.8175755
0.41792035 0.44367886 -2.8139007
0.41618133 0.4431945 -2.810675
0.41440964 0.44181788 -2.8068192
0.41411445 0.4414423 -2.80586
0.4146483 0.4410774 -2.8061202
0.4158248 0.4416786 -2.8080087
0.41657817 0.44202173 -2.8082829
0.4159922 0.44164446 -2.8052025
0.41580793 0.44172955 -2.8041203
0.4162394 0.44167915 -2.8028204
0.41666067 0.44158262 -2.8024607
0.41591233 0.44178268 -2.8016462
0.41570675 0.44212365 -2.80088
0.41621733 0.44208676 -2.801043
0.41601315 0.44152978 -2.8004365
0.41503268 0.44053376 -2.798635
0.4141846 0.4395197 -2.7971792
0.4137481 0.43905663 -2.79629
0.41477457 0.4392842 -2.7974377
0.41530332 0.43975377 -2.7978437
0.4147682 0.4402055 -2.7965035
0.41345903 0.4401152 -2.7945557
0.4120064 0.43988547 -2.7928226
0.4078968 0.4382879 -2.7870204
0.40636492 0.43670243 -2.7833123
0.4049529 0.43485385 -2.7805011
0.40443668 0.43494624 -2.7795928
0.40548825 0.43536404 -2.7813954
0.40755427 0.43621653 -2.7850645
0.41012636 0.4356875 -2.787891
0.41162366 0.43466204 -2.7887747
0.41318583 0.43414152 -2.7909386
0.41515666 0.43454984 -2.7931106
0.41684282 0.43416676 -2.7945864
0.41577107 0.43433046 -2.7941334
0.4149496 0.43439448 -2.7939227
0.41570505 0.43485746 -2.7938735
0.41583464 0.43559536 -2.7937195
0.41696626 0.43623245 -2.7941813
0.4178004 0.437435 -2.7933953
0.418521 0.4374245 -2.793224
0.41968372 0.43719667 -2.7939744
0.41988364 0.43732092 -2.7940054
0.41829035 0.43648762 -2.7930875
0.41934255 0.4366184 -2.7960308
0.4223546 0.43779862 -2.8015318
0.4255631 0.43934348 -2.8072875
0.4249638 0.4392264 -2.8072205
0.42794934 0.44002914 -2.81153
0.4322919 0.44082603 -2.8164718
0.43527353 0.44082707 -2.8169687
0.43543866 0.44059 -2.8167233
0.43555713 0.43955722 -2.8171194
0.43412423 0.43865317 -2.8154826
0.4329776 0.43825704 -2.8147726
0.43055838 0.43793553 -2.8131385
0.42730665 0.43819106 -2.810716
0.4216561 0.4383536 -2.8059967
0.4193538 0.43774098 -2.803116
0.41651693 0.43685818 -2.7992513
0.41639543 0.43609455 -2.8001442
0.41697332 0.436511 -2.802004
0.41994405 0.43715358 -2.8079174
0.420258 0.43694413 -2.8087351
0.41901085 0.4361967 -2.8069544
0.42181742 0.43738446 -2.812568
0.424585 0.43837333 -2.8169134
0.42494935 0.43917555 -2.8180227
0.42677644 0.4397149 -2.8213956
0.428627 0.43959552 -2.8242402
0.43042767 0.4400594 -2.8262756
0.43397808 0.44230235 -2.830892
0.43316263 0.44194835 -2.8291717
0.43125448 0.44215018 -2.8267741
0.42881984 0.44101226 -2.8232102
0.4252097 0.44064477 -2.8181546
0.4231916 0.43901432 -2.8144364
0.42321596 0.43875143 -2.813912
0.4220946 0.43853378 -2.8120286
0.41761822 0.43781272 -2.8067515
0.41615397 0.43802983 -2.8058124
0.41614184 0.43841043 -2.8066864
0.4192583 0.4386628 -2.8104286
0.4223623 0.43893707 -2.8142183
0.42838183 0.44092685 -2.821562
0.43096104 0.44191262 -2.8243704
0.43250126 0.44246092 -2.8258216
0.4324086 0.4424302 -2.8253
0.43061382 0.44275683 -2.8231142
0.42874795 0.44311255 -2.821634
0.4283558 0.4433362 -2.8236144
0.42861 0.4426976 -2.824348
0.4310888 0.44323066 -2.8274138
0.43172094 0.4429367 -2.828619
0.43146613 0.44173187 -2.8275466
0.4266279 0.43970716 -2.8222973
0.42293602 0.4392795 -2.8176749
0.41983426 0.43883252 -2.81342
0.41748232 0.43789646 -2.8103292
0.4185037 0.43833542 -2.8114066
0.42092735 0.43903995 -2.8136249
0.42457184 0.4398342 -2.8159595
0.42667967 0.43996704 -2.8179793
0.42824915 0.44007543 -2.81994
0.43086472 0.44037426 -2.8221874
0.43106097 0.44060215 -2.8223815
0.42909768 0.439876 -2.8197403
0.42651388 0.4391737 -2.8182054
0.42481095 0.4389084 -2.8169997
0.42067373 0.43763226 -2.8122737
0.41992038 0.43734208 -2.8117845
0.41695854 0.43594968 -2.808495
0.41467443 0.4350588 -2.8063526
0.41192237 0.43415016 -2.8038352
0.40765396 0.43286347 -2.797954
0.4058806 0.43282714 -2.795475
0.40621194 0.4330964 -2.796217
0.4090448 0.43349504 -2.8012557
0.4112377 0.43374544 -2.8048158
0.41099355 0.43339956 -2.8052068
0.40916815 0.4329005 -2.8034549
0.4081768 0.43310505 -2.8033159
0.4088495 0.4330831 -2.803333
0.41089725 0.43366283 -2.8046708
0.41267458 0.43427455 -2.8060472
0.4149069 0.43480325 -2.809985
0.41557705 0.4350778 -2.812185
0.41697297 0.43622577 -2.8172865
0.41758645 0.43692133 -2.819274
0.41886634 0.43762797 -2.8212306
0.41891858 0.43801397 -2.8214545
0.4167305 0.4374977 -2.8191977
0.4146148 0.43688402 -2.8178952
0.41368908 0.43617183 -2.8160245
0.41431588 0.43599653 -2.8163512
0.41360056 0.43486673 -2.8137522
0.4123045 0.4346746 -2.8110826
0.41179708 0.4354447 -2.8098383
0.41415048 0.4363941 -2.811213
0.4095359 0.4350714 -2.804131
0.40096596 0.432128 -2.7938073
0.37997386 0.42798597 -2.7734444
0.36607045 0.42641163 -2.76316
0.34588072 0.42521006 -2.7482736
0.33423996 0.42647445 -2.740242
0.32346654 0.42828533 -2.7344937
0.31127733 0.43490943 -2.7566197
0.31162918 0.4393329 -2.7825236
0.31334367 0.4430313 -2.8039112
0.31335407 0.44818497 -2.8260753
0.31120005 0.44756573 -2.824215
0.303992 0.44377697 -2.8147628
0.3015524 0.4403751 -2.805485
0.30087417 0.437809 -2.798405
0.3026869 0.43617684 -2.7919378
0.30491173 0.43659532 -2.7893267
0.30804467 0.43820143 -2.7889228
0.31046727 0.43882897 -2.7908177
0.31177044 0.4387549 -2.7910676
0.31343472 0.4392776 -2.792409
0.3131206 0.43875816 -2.7922769
0.31367978 0.4386895 -2.7916985
0.31658646 0.43943924 -2.7927582
0.31820455 0.439668 -2.7931628
0.31894043 0.43908197 -2.7926912
0.31708574 0.43679675 -2.7884655
0.31539753 0.4348008 -2.7869053
0.3138639 0.4333498 -2.78589
0.31271958 0.4323569 -2.7844703
0.31361425 0.43246588 -2.7862394
0.31380624 0.43207598 -2.7877178
0.31397414 0.4326018 -2.7902865
0.31319183 0.4328541 -2.791656
0.31218347 0.4338673 -2.7952914
0.31267455 0.43488756 -2.7988124
0.3133289 0.43553072 -2.8008823
0.31406897 0.43679562 -2.802104
0.31442797 0.43685377 -2.80212
0.31433234 0.43654954 -2.8044956
0.3133856 0.43519405 -2.8058043
0.31202266 0.43352327 -2.8052824
0.30926746 0.43179286 -2.803043
0.30708838 0.4311487 -2.800216
0.3046002 0.43036574 -2.7976398
0.3040059 0.43068683 -2.7969942
0.30367106 0.4306098 -2.7971776
0.3024025 0.42957604 -2.7969837
0.30253422 0.42916 -2.7979364
0.30325854 0.42877185 -2.7986138
0.30506414 0.4282641 -2.7990885
0.30596295 0.42803282 -2.7986124
0.30634084 0.42798415 -2.7985601
0.3060624 0.43039915 -2.7992618
0.30608723 0.4320274 -2.8008833
0.30528054 0.43302196 -2.8009124
0.30493495 0.43290013 -2.8010287
0.30484605 0.43235162 -2.8008657
0.30579638 0.43111277 -2.8020494
0.30614504 0.43090612 -2.802974
0.3046158 0.4301184 -2.8022318
0.30048215 0.42805472 -2.7984047
0.29768798 0.4268794 -2.7960625
0.2935345 0.42552543 -2.7913136
0.29304013 0.4252155 -2.791099
0.2933302 0.4249327 -2.7912226
0.29508764 0.42417446 -2.7904065
0.2958192 0.4243407 -2.7897232
0.29591313 0.4251087 -2.7896698
0.29789722 0.4274246 -2.7933218
0.3003578 0.42962667 -2.797253
0.30262423 0.4312152 -2.8004544
0.30324432 0.4315492 -2.8022976
0.3040919 0.43232545 -2.8044991
0.30640233 0.43313122 -2.808569
0.3069904 0.4330668 -2.8094685
0.30666736 0.432853 -2.8091674
0.30460796 0.4319702 -2.8071551
0.30209562 0.43081498 -2.8034484
0.29874682 0.43015045 -2.7988238
0.29339144 0.4290013 -2.7915034
0.29041547 0.42810032 -2.7875128
0.28899488 0.42711863 -2.7858639
0.28732848 0.4261693 -2.7842996
0.28644794 0.42648202 -2.7842386
0.28429404 0.42645103 -2.7831795
0.28323182 0.42706296 -2.784194
0.2837634 0.42675823 -2.7863338
0.2852605 0.42608148 -2.7895281
0.28687835 0.426164 -2.7909935
0.28818536 0.42615968 -2.792578
0.2894633 0.42615175 -2.7940211
0.2891979 0.4264558 -2.7950804
0.28973204 0.42701447 -2.7969081
0.29099056 0.42788035 -2.799111
0.29225287 0.42859995 -2.800691
0.2956771 0.42861015 -2.803094
0.29663888 0.42735678 -2.802274
0.29659647 0.42652762 -2.8004606
0.29554713 0.42466742 -2.795747
0.2933849 0.423952 -2.7915313
0.29170632 0.42353648 -2.7881591
0.28973904 0.42254785 -2.7844002
0.28904027 0.4223412 -2.783852
0.28893185 0.42239857 -2.7846622
0.28932735 0.42222136 -2.7850032
0.2896381 0.42255574 -2.786148
0.28937042 0.42272335 -2.78599
0.28803027 0.4215214 -2.7839534
0.28712782 0.4211004 -2.783
0.2873816 0.42017734 -2.783064
0.28830153 0.42014802 -2.7826014
0.28849927 0.42025912 -2.7823238
0.2878817 0.42151573 -2.7828267
0.28880882 0.42213434 -2.7842124
0.28990558 0.42361 -2.7863374
0.29216123 0.42501438 -2.7897775
0.29320762 0.42558122 -2.790817
0.29389212 0.42503238 -2.7918704
0.29345968 0.42417365 -2.7904675
0.29373115 0.42415687 -2.7899275
0.29362634 0.42433855 -2.788828
0.29366204 0.42424977 -2.7873368
0.2936394 0.42385185 -2.7878819
0.2935864 0.424097 -2.788719
0.29392478 0.42444164 -2.7883978
0.2938046 0.42462063 -2.7885246
0.29385284 0.42471188 -2.7895186
0.29367813 0.42511365 -2.7896516
0.29430568 0.42553213 -2.7904818
0.29411247 0.42543238 -2.789826
0.29420325 0.42491233 -2.7896616
0.29479808 0.42492273 -2.7906692
0.29469186 0.42476663 -2.7906086
0.29421163 0.4249525 -2.790777
0.29322392 0.42496887 -2.7905009
0.29269737 0.4252206 -2.7902308
0.2929916 0.42521104 -2.7910357
0.2948689 0.42496997 -2.7918243
0.2957458 0.42504448 -2.7912524
0.29510346 0.42519274 -2.7915316
0.29586893 0.42582905 -2.7933073
0.29762223 0.42612335 -2.796518
0.30258834 0.42686203 -2.8037438
0.30571648 0.42769796 -2.8079257
0.30693984 0.4277468 -2.8097918
0.3062512 0.42814314 -2.8096817
0.30576393 0.42808518 -2.8092659
0.3061505 0.42848602 -2.8097289
0.30873662 0.4297068 -2.8127017
0.30926323 0.43034595 -2.813666
0.30992568 0.43129957 -2.8137164
0.30757296 0.43089318 -2.811058
0.30510953 0.43023348 -2.8080542
0.29980248 0.4281094 -2.8023102
0.29617584 0.4263744 -2.7983553
0.2936372 0.4251376 -2.7973585
0.28949594 0.42336047 -2.790953
0.28877467 0.42190903 -2.7896376
0.2885668 0.42061973 -2.7889872
0.28791124 0.4194575 -2.7896678
0.28830388 0.41976997 -2.7925298
0.29114333 0.42063335 -2.7974505
0.2933955 0.4214487 -2.8007717
0.29446048 0.4223224 -2.8011982
0.2957459 0.42189288 -2.8039918
0.29461125 0.42243648 -2.800356
0.2944679 0.4223943 -2.8002672
0.29220355 0.4236768 -2.794892
0.2914562 0.42455605 -2.793271
0.29087892 0.42496246 -2.792268
0.29054517 0.4250731 -2.7910914
0.29209483 0.42494822 -2.7917495
0.29441622 0.42490196 -2.7948701
0.2984342 0.4253348 -2.7990808
0.29990983 0.42551398 -2.8021483
0.30119076 0.42636302 -2.8044133
0.30150807 0.42678723 -2.8054843
0.3021511 0.42654186 -2.8056293
0.3028849 0.4266447 -2.807814
0.30337024 0.42641658 -2.8101885
0.3030316 0.4261863 -2.810353
0.30146238 0.42644203 -2.8084445
0.29918367 0.4264876 -2.8055236
0.29673973 0.42590043 -2.8035398
0.29362008 0.424808 -2.799173
0.29321378 0.4246496 -2.7980182
0.29413068 0.42457813 -2.7980053
0.29737103 0.4258755 -2.8034775
0.29967865 0.42675996 -2.8068154
0.30026755 0.42749524 -2.8088262
0.29935533 0.42770526 -2.8075023
0.29718727 0.42755592 -2.8043046
0.29423216 0.42762545 -2.7996404
0.2929747 0.4272295 -2.798292
0.29130933 0.42685187 -2.7954142
0.2906998 0.42642722 -2.7945511
0.29106358 0.42619422 -2.7941453
0.29002956 0.42580402 -2.7905128
0.28931773 0.42594153 -2.789113
0.28878102 0.42596546 -2.7887518
0.28897378 0.42530823 -2.7871325
0.28947008 0.42436105 -2.7858565
0.29031 0.42388704 -2.785411
0.29155475 0.42419866 -2.7851994
0.29167423 0.42449054 -2.7837863
0.29280326 0.4241262 -2.7854164
0.29025036 0.4231561 -2.7819536
0.28825164 0.42279202 -2.7797413
0.28554264 0.42287186 -2.776498
0.2853298 0.4230399 -2.777884
0.28519648 0.42326814 -2.779633
0.28550348 0.4238616 -2.7810524
0.2877909 0.42448854 -2.784187
0.29137674 0.42652416 -2.7900841
0.30092317 0.43146747 -2.8064551
0.30833957 0.43578783 -2.8204238
0.31085193 0.44098198 -2.8319497
0.30500627 0.44119793 -2.829844
0.29676387 0.44011903 -2.825643
0.27917147 0.43722373 -2.8197231
0.26721027 0.43441874 -2.8145127
0.25756186 0.4328491 -2.8101816
0.24349791 0.43110612 -2.8078437
0.236932 0.4310602 -2.8073123
0.23043197 0.43127468 -2.8069372
0.21829958 0.43315175 -2.804248
0.21285851 0.4349348 -2.8021722
0.20565996 0.43828171 -2.801912
0.20555589 0.4394951 -2.8030193
0.20680352 0.44014233 -2.8052924
0.2110526 0.43746573 -2.8073993
0.21490282 0.43391025 -2.8068018
0.21717182 0.4294966 -2.803462
0.21735872 0.4218924 -2.7952921
0.2157492 0.41995642 -2.789861
0.21307941 0.42008203 -2.7847161
0.20747837 0.42173153 -2.7745402
0.20476991 0.42346913 -2.7705178
0.20390096 0.42388755 -2.7692337
0.2037151 0.4224507 -2.7690315
0.20394616 0.42154753 -2.7724202
0.20289059 0.4193138 -2.7766309
0.20299168 0.4175816 -2.7795496
0.2034472 0.4157553 -2.7813315
0.20493135 0.40972492 -2.781712
0.2057222 0.40905046 -2.7811725
0.20699678 0.40902007 -2.7818158
0.20917046 0.40844864 -2.7830427
0.20920369 0.41014305 -2.7831836
0.20977493 0.41130102 -2.7843175
0.2107347 0.41283578 -2.7851155
0.21186075 0.41389167 -2.7865593
0.21444808 0.41435587 -2.7882714
0.21624945 0.41485345 -2.7893074
0.21800625 0.41611028 -2.7913046
0.2182537 0.41691896 -2.793138
0.21966895 0.41830015 -2.7971122
0.2217965 0.42136765 -2.8049529
0.22200958 0.42288285 -2.8095937
0.22183567 0.4237394 -2.81336
0.2195952 0.42410183 -2.8154635
0.21800886 0.42333552 -2.8161135
0.21663895 0.4223136 -2.8154094
0.21496329 0.4204569 -2.813806
0.21396163 0.41940084 -2.8123305
0.20953524 0.41797194 -2.809292
0.20719938 0.41689938 -2.808308
0.20527652 0.41619912 -2.8072424
0.20379901 0.41516873 -2.8055024
0.2043722 0.41487762 -2.804802
0.2048945 0.41413075 -2.804053
0.20388287 0.41329375 -2.803207
0.2027018 0.41285884 -2.8034096
0.20153813 0.41179082 -2.8027477
0.20196253 0.4111787 -2.8026915
0.20266812 0.41068047 -2.8021917
0.20324157 0.41027507 -2.8045993
0.2036126 0.41011214 -2.8052661
0.20337416 0.41028935 -2.8053734
0.20331793 0.41016078 -2.8058898
0.20342761 0.41099867 -2.804583
0.20288987 0.41238368 -2.803407
0.2020674 0.41332576 -2.8024273
0.2015403 0.41420507 -2.8030663
0.2023098 0.4155025 -2.8038983
0.20345873 0.41568992 -2.8041258
0.20430756 0.4158639 -2.8042321
0.20556201 0.4166047 -2.8049557
0.20813748 0.41759586 -2.807795
0.21172309 0.41946924 -2.81198
0.21373469 0.41986293 -2.8148184
0.21492805 0.4196823 -2.815043
0.21727997 0.42069215 -2.8169832
0.21708678 0.42163193 -2.8167048
0.21572767 0.42285544 -2.8147311
0.21288957 0.42293775 -2.8108337
0.21052581 0.42238575 -2.8075664
0.20801964 0.42089978 -2.8035002
0.20668668 0.41935655 -2.803415
0.20662281 0.41820323 -2.805046
0.20735028 0.41737503 -2.8071856
0.20853464 0.4182501 -2.8100555
0.21048476 0.41833925 -2.8134594
0.2109464 0.41861048 -2.8147917
0.21005145 0.4183908 -2.8136947
0.20607829 0.41727868 -2.8106365
0.20334366 0.41656256 -2.8081458
0.20219252 0.41638717 -2.8074598
0.2022408 0.41620606 -2.808241
0.20318681 0.41571718 -2.8085012
0.20273179 0.41396168 -2.8074448
0.20243627 0.41335642 -2.806927
0.20227326 0.41286123 -2.8062048
0.20083329 0.41184676 -2.8029118
0.20002916 0.41209447 -2.8027198
0.19904764 0.41247758 -2.8035548
0.19780982 0.4131065 -2.8040268
0.19832847 0.41338366 -2.805403
0.19906707 0.41343474 -2.8066273
0.20043527 0.41350967 -2.80928
0.20135273 0.4128813 -2.8100083
0.20413157 0.4121012 -2.8114758
0.20556968 0.41228932 -2.8110847
0.20685071 0.41229025 -2.8096867
0.2076043 0.41169086 -2.8084004
0.20694067 0.4106357 -2.8057058
0.20592873 0.4094877 -2.8027098
0.20482829 0.40848154 -2.8001137
0.20390628 0.40855557 -2.8008506
0.20466994 0.40896618 -2.8044627
0.20509982 0.40962392 -2.8063085
0.2065229 0.40995508 -2.8081543
0.2114393 0.41041464 -2.813421
0.21377681 0.40979987 -2.8136497
0.21471854 0.40964815 -2.8115304
0.2171282 0.40969813 -2.8074548
0.21601911 0.41026244 -2.8033073
0.21462086 0.4100018 -2.7977626
0.21272166 0.40944406 -2.7959
0.21122181 0.4086555 -2.7949398
0.20846762 0.40706182 -2.7919984
0.20750979 0.40665078 -2.7907615
0.2062348 0.40773377 -2.789685
0.20642282 0.40874448 -2.792022
0.20671465 0.40961194 -2.7946703
0.20734245 0.4101461 -2.7985187
0.20810215 0.41004208 -2.801589
0.20821284 0.40988502 -2.8042023
0.20939137 0.40960968 -2.8074324
0.21146943 0.409178 -2.8090405
0.2127392 0.40924558 -2.8094842
0.21250267 0.4088939 -2.8086872
0.21144794 0.40887752 -2.8075523
0.2096081 0.4085508 -2.8050141
0.20939934 0.4084419 -2.8051524
0.20896816 0.4079827 -2.8045437
0.20913748 0.4077207 -2.806619
0.2099767 0.40757626 -2.8076422
0.21111435 0.4080565 -2.808515
0.20971474 0.40900517 -2.8058665
0.20894933 0.40910986 -2.8042688
0.20854579 0.40892714 -2.803725
0.20745923 0.4079077 -2.8034778
0.2077056 0.40735224 -2.8028483
0.20960367 0.40674475 -2.8026042
0.21093531 0.40637553 -2.803743
0.21195848 0.40630582 -2.8047042
0.21180816 0.40712804 -2.8057392
0.21144514 0.4081735 -2.8067787
0.21232188 0.40854263 -2.808266
0.21250553 0.40909517 -2.8082476
0.21249214 0.40890285 -2.8076534
0.21194424 0.4090373 -2.8054013
0.21107161 0.4092879 -2.8034935
0.2103451 0.40939772 -2.802501
0.21009892 0.41012925 -2.8034065
0.21025401 0.4109917 -2.804424
0.20890237 0.41095978 -2.8032765
0.207004 0.41004825 -2.802681
0.20713797 0.4096092 -2.8039112
0.2077464 0.40873134 -2.8033988
0.20777278 0.40867528 -2.80054
0.20695104 0.40893626 -2.7975237
0.20454867 0.40960744 -2.7936804
0.2031898 0.40989175 -2.7929645
0.20223884 0.40852526 -2.790609
0.20248362 0.40789822 -2.7905767
0.2041934 0.40753365 -2.7917807
0.20692448 0.40812925 -2.7963526
0.20916495 0.40899992 -2.7989125
0.21051012 0.40962487 -2.8002725
0.21241383 0.4103958 -2.8028893
0.21248084 0.41087258 -2.8029687
0.21254842 0.41112706 -2.8033476
0.21201994 0.41138396 -2.801411
0.209925 0.41157648 -2.8004305
0.20652914 0.41117772 -2.798554
0.20523737 0.4108002 -2.7982612
0.204038 0.41028053 -2.79793
0.20007145 0.40959042 -2.7970786
0.19852322 0.4092147 -2.7958803
0.19861042 0.4083776 -2.7939236
0.20042385 0.40780902 -2.7952511
0.20203404 0.40773752 -2.7951262
0.20408815 0.4085076 -2.7967422
0.20417878 0.40912724 -2.797743
0.20365246 0.40968412 -2.7979612
0.2034573 0.4097187 -2.7981832
0.20486563 0.4101022 -2.801514
0.20632787 0.4112937 -2.8045626
0.20736584 0.4114422 -2.8045774
0.20730498 0.4112376 -2.8031876
0.20659474 0.41088673 -2.7995696
0.20560715 0.41081315 -2.796977
0.20424227 0.41052726 -2.794904
0.20397808 0.41080847 -2.7952688
0.20336175 0.41096896 -2.7965026
0.20135157 0.41058633 -2.7979922
0.1995815 0.41063613 -2.7992456
0.19843371 0.41079056 -2.7992587
0.1962734 0.41090715 -2.7998593
0.1959345 0.41122654 -2.8014877
0.19638146 0.4118818 -2.8029027
0.19972663 0.41347829 -2.8091385
0.20302312 0.41539896 -2.8141458
0.20483914 0.41882756 -2.8181052
0.20423067 0.42376912 -2.8190536
0.20098102 0.42580757 -2.816256
0.19213146 0.42928594 -2.8095064
0.18478303 0.42899865 -2.8024042
0.17906052 0.42920032 -2.7968931
0.17134519 0.43129587 -2.7932582
0.16839887 0.4323479 -2.7946582
0.16380678 0.43265775 -2.792593
0.151033 0.43231198 -2.7885706
0.14338641 0.43188113 -2.7868617
0.13101786 0.43245405 -2.7879813
0.12315358 0.43333286 -2.7896273
0.11622072 0.43316904 -2.7912476
0.105105326 0.43187267 -2.7956772
0.10097345 0.42960674 -2.7971213
0.09523465 0.4273708 -2.8069344
0.093855284 0.42910662 -2.8125153
0.09217572 0.4311721 -2.8165402
0.09034817 0.43297932 -2.8196502
0.092137255 0.432369 -2.8184636
0.09490995 0.4300982 -2.8139765
0.09736058 0.42690092 -2.8067186
0.099086374 0.4238142 -2.799634
0.10034178 0.4210328 -2.791825
0.10094653 0.42084318 -2.7895863
0.10153709 0.42126518 -2.7887902
0.10155912 0.42188922 -2.7883227
0.10065378 0.42312607 -2.790322
0.10143458 0.42289802 -2.7923317
0.103023775 0.42292964 -2.7948406
0.104904965 0.42255446 -2.795683
0.10805721 0.42226478 -2.7948549
0.10904123 0.42203128 -2.793285
0.10988545 0.42140377 -2.7930446
0.11234066 0.4201823 -2.79395
0.11370187 0.41999608 -2.7950714
0.115443684 0.41990793 -2.7976658
0.11735624 0.42107436 -2.8033051
0.117135584 0.42292947 -2.8062384
0.116332956 0.4254195 -2.809153
0.11542911 0.42545035 -2.8091218
0.11413278 0.42481285 -2.8080027
0.1083245 0.4227408 -2.801985
0.10430218 0.42132342 -2.7990093
0.10066219 0.42063102 -2.7972412
0.10231977 0.4215389 -2.8035123
0.10547711 0.42284662 -2.8101695
0.10896326 0.42490172 -2.819111
0.10999311 0.42578584 -2.8217554
0.11039261 0.4259107 -2.8220901
0.111039266 0.4255975 -2.8237872
0.110256866 0.4240915 -2.822248
0.10848274 0.42142677 -2.818778
0.1051657 0.41934016 -2.813066
0.10111781 0.41715527 -2.806127
0.09375176 0.41490895 -2.7959752
0.09113572 0.41491568 -2.7941036
0.089218244 0.41512054 -2.7938206
0.08713909 0.41619062 -2.7948813
0.08867446 0.41676104 -2.7983947
0.0953005 0.4176912 -2.8076942
0.10036244 0.41825104 -2.8122747
0.10419913 0.4184 -2.8152251
0.111428246 0.4181448 -2.8207164
0.113876216 0.4179005 -2.8200192
0.116327986 0.41910702 -2.823481
0.11450914 0.41983116 -2.822047
0.11214682 0.42044336 -2.81962
0.10992537 0.4199574 -2.8155994
0.106637456 0.41924828 -2.8127356
0.103949115 0.41905808 -2.8099694
0.1021897 0.41894454 -2.808144
0.103008114 0.4186194 -2.80823
0.10462069 0.41828692 -2.8081782
0.10861965 0.41782176 -2.8082614
0.11010349 0.41936004 -2.8097954
0.1118843 0.42130715 -2.8130012
0.112744644 0.42222822 -2.8143544
0.112354904 0.42221898 -2.8141167
0.105591275 0.42174938 -2.8092842
0.10297519 0.42117283 -2.8088953
0.09959953 0.42016754 -2.8074949
0.09368299 0.41910362 -2.802523
0.09264292 0.41928154 -2.803571
0.098460786 0.42032397 -2.8123233
0.1029747 0.42082444 -2.81695
0.10639953 0.42072314 -2.8201504
0.11196473 0.4213842 -2.8254774
0.11323936 0.42213246 -2.8256392
0.11382337 0.4220404 -2.8248236
0.11401197 0.42185915 -2.8240438
0.113365464 0.42204592 -2.8234065
0.11330491 0.42230958 -2.8234131
0.11284496 0.4221606 -2.8226576
0.112677515 0.42151427 -2.8211741
0.11095618 0.42173767 -2.817101
0.10916165 0.4217987 -2.8157372
0.108163 0.42194402 -2.8155212
0.10525128 0.42290762 -2.8168254
0.10413546 0.42299864 -2.817372
0.10144377 0.4228227 -2.8181226
0.101155415 0.42275703 -2.820835
0.099944755 0.4222245 -2.8212519
0.09926188 0.42096567 -2.819054
0.099753425 0.4200483 -2.817492
0.101640575 0.41967136 -2.8160534
0.10567909 0.41919976 -2.8163192
0.1079363 0.42057192 -2.8164341
0.109808706 0.42262185 -2.8147743
0.10959789 0.42443258 -2.8115275
0.10934491 0.42532057 -2.8064306
0.10928281 0.42444825 -2.7997427
0.109268025 0.42321667 -2.7974699
0.10861421 0.42227176 -2.7956467
0.10650434 0.42293972 -2.7944775
0.10696584 0.4242199 -2.7973099
0.10956803 0.42488074 -2.801864
0.11211348 0.42463455 -2.8051538
0.11407006 0.42439932 -2.8091154
0.11697057 0.42498875 -2.8121738
0.1168092 0.425832 -2.814037
0.11446076 0.4252281 -2.813668
0.10674888 0.4231513 -2.808417
0.101472326 0.4217599 -2.805799
0.097333044 0.41988638 -2.80504
0.09625565 0.4178877 -2.804457
0.095896594 0.41582912 -2.8036563
0.09322404 0.41385263 -2.8005462
0.091434106 0.41380483 -2.7998931
0.08575561 0.41253352 -2.7929096
0.08416281 0.41213384 -2.7927406
0.084677726 0.41201478 -2.7963417
0.09006085 0.41240144 -2.8075159
0.09461132 0.4137197 -2.8160381
0.09739278 0.41555104 -2.8229465
0.10018019 0.4172445 -2.8294175
0.099318616 0.41793802 -2.8287885
0.09693509 0.41891563 -2.8292544
0.094814375 0.41873264 -2.8256416
0.09315677 0.4178977 -2.822253
0.09006178 0.41597757 -2.8172228
0.08958868 0.4151833 -2.816242
0.0907401 0.41491926 -2.8187015
0.09049198 0.4152075 -2.8175983
0.09096889 0.41551837 -2.8185654
0.09320398 0.4158981 -2.8226585
0.09505464 0.4159356 -2.8262308
0.09596826 0.4158345 -2.8270984
0.09525184 0.4148908 -2.8257627
0.09361079 0.4146585 -2.823792
0.0926747 0.41483706 -2.8222926
0.09103338 0.4153594 -2.8188326
0.09068879 0.41572952 -2.8189259
0.09182135 0.41637278 -2.8198133
0.09413663 0.41698003 -2.822246
0.09626858 0.41698444 -2.823802
0.09991043 0.41775453 -2.8276458
0.10101289 0.41773152 -2.8277087
0.100001186 0.4180985 -2.82483
0.09781069 0.4178281 -2.8207138
0.096682735 0.41760463 -2.8187509
0.09358287 0.41671714 -2.8139985
0.09314721 0.416447 -2.8148227
0.09277057 0.41574278 -2.8152637
0.09212625 0.4146272 -2.812888
0.09118493 0.41492704 -2.8128986
0.08855498 0.4157725 -2.8127337
0.087704785 0.4157397 -2.814633
0.0879077 0.4157894 -2.8175364
0.08980008 0.4161341 -2.821382
0.09182627 0.41611138 -2.823682
0.09360079 0.41569555 -2.8239083
0.09579724 0.41548067 -2.8255506
0.09560461 0.41598308 -2.8251474
0.097073644 0.4168986 -2.826333
0.09806999 0.41665414 -2.8259025
0.0977575 0.41620427 -2.824331
0.09621718 0.41607836 -2.8214438
0.09447628 0.41549087 -2.8184583
0.09326185 0.41513413 -2.8155928
0.08795979 0.41509315 -2.8082573
0.0858982 0.4150704 -2.8073678
0.08463078 0.4145486 -2.807364
0.08542914 0.41453862 -2.8125663
0.08819893 0.41485623 -2.817669
0.0910287 0.4159736 -2.8220663
0.09344689 0.41589838 -2.824652
0.095282845 0.4157762 -2.8258662
0.09407393 0.41502586 -2.8230422
0.09154212 0.4138648 -2.8184052
0.08556673 0.4125969 -2.809974
0.08295676 0.41251224 -2.8077712
0.08242003 0.4127158 -2.8080645
0.083667435 0.41319436 -2.8098154
0.086707294 0.41371024 -2.8145745
0.09018042 0.41464683 -2.818539
0.09410249 0.4160552 -2.8247137
0.09604913 0.417196 -2.8271506
0.09626601 0.4176305 -2.8263824
0.094407536 0.41687924 -2.8227906
0.0920675 0.41597688 -2.8201616
0.08385513 0.4144559 -2.8110578
0.078954145 0.41377476 -2.806686
0.07547972 0.4132531 -2.8047173
0.066244856 0.41248915 -2.7950659
0.06322186 0.4125222 -2.7932532
0.061963245 0.41338792 -2.793404
0.062446088 0.41670915 -2.7985256
0.065986395 0.41805226 -2.8072593
0.074965335 0.41956636 -2.8259711
0.0801244 0.4199981 -2.835731
0.08334358 0.4208962 -2.8420618
0.08728006 0.42206675 -2.8507628
0.08704868 0.42202377 -2.8506052
0.08725661 0.4218881 -2.8501387
0.08746322 0.42256892 -2.8529603
0.08577987 0.4222726 -2.8499093
0.082198225 0.42130023 -2.8447542
0.07317784 0.41783366 -2.8307571
0.06797767 0.41677326 -2.8222637
0.06149101 0.41577494 -2.8103693
0.05946411 0.41634846 -2.8070645
0.058310896 0.41674775 -2.8040588
0.057245713 0.4186402 -2.79984
0.05836131 0.41901731 -2.8007903
0.059678942 0.41974434 -2.802298
0.063745156 0.4206677 -2.8077774
0.067392215 0.4197427 -2.8117845
0.072608374 0.41871464 -2.8207424
0.07258591 0.41909757 -2.8224201
0.071060285 0.41986924 -2.8216941
0.062762335 0.42145693 -2.8174589
0.055055495 0.42441458 -2.8125458
0.04740952 0.42751762 -2.809101
0.030466735 0.43347317 -2.805382
0.02106227 0.4368232 -2.806748
-0.00044526166 0.43850157 -2.8003485
-0.011423304 0.4406148 -2.7985575
-0.019682407 0.44414708 -2.8009098
-0.030057175 0.4493944 -2.812714
-0.03245029 0.44732356 -2.8207712
-0.037218034 0.44450182 -2.8282948
-0.03849873 0.44000328 -2.8270974
-0.03972286 0.43656605 -2.825071
-0.03977877 0.43367487 -2.8236527
-0.039453737 0.43250045 -2.8193715
-0.033234283 0.4263066 -2.8220139
-0.032766566 0.42690533 -2.8184032
-0.033851787 0.42799813 -2.8118773
-0.03495826 0.4288126 -2.8023489
-0.037796725 0.4274439 -2.7956138
-0.04014593 0.42697233 -2.7905576
-0.04270439 0.4271242 -2.7841287
-0.044319447 0.4255695 -2.7828276
-0.0472939 0.42103797 -2.7811108
-0.049440544 0.41716093 -2.7840743
-0.051137112 0.41454792 -2.7873707
-0.051810075 0.41003436 -2.792812
-0.04842803 0.4087324 -2.8020475
-0.044162925 0.40846685 -2.81207
-0.04024057 0.40983313 -2.8157015
-0.037383556 0.41062656 -2.8191178
-0.033769354 0.41144297 -2.8206987
-0.033901986 0.41393468 -2.8182902
-0.034977138 0.4160708 -2.8151913
-0.034874156 0.41936022 -2.81312
-0.035348207 0.42094237 -2.8130202
-0.03545323 0.4217324 -2.8135216
-0.03459902 0.4210715 -2.813371
-0.034932908 0.41955364 -2.811694
-0.03595234 0.41828504 -2.811902
-0.035895348 0.41716284 -2.8142443
-0.03571397 0.41649997 -2.8155015
-0.037291393 0.41655275 -2.813626
-0.0376949 0.4172205 -2.8120143
-0.036948606 0.41728207 -2.8123183
-0.03617595 0.41849214 -2.8130956
-0.03606199 0.42068362 -2.8130689
-0.037024766 0.42261818 -2.808987
-0.038180176 0.42317978 -2.8076832
-0.03851791 0.42262727 -2.8057132
-0.039679125 0.4225912 -2.8020806
-0.04019116 0.4228889 -2.7964888
-0.0397457 0.42315567 -2.792619
-0.039660443 0.4239587 -2.7874134
-0.040035516 0.42445266 -2.786669
-0.040760517 0.42565498 -2.7851057
-0.040846292 0.42531833 -2.7859426
-0.042000532 0.42531142 -2.7856605
-0.043739885 0.42473707 -2.7801638
-0.044302918 0.42401856 -2.777874
-0.044904765 0.42374164 -2.7773504
-0.046610914 0.4233979 -2.7760465
-0.046637002 0.42233774 -2.7767944
-0.04668158 0.42249075 -2.777877
-0.046033073 0.42340672 -2.7785184
-0.04478051 0.42427388 -2.7785728
-0.04406714 0.42416218 -2.7803302
-0.044071227 0.4233598 -2.781988
-0.04434356 0.42321137 -2.7832637
-0.04390648 0.42237002 -2.786294
-0.043613855 0.4224768 -2.7865486
-0.04346466 0.42268428 -2.7849438
-0.043922786 0.42229444 -2.7843087
-0.043429464 0.42248845 -2.7844718
-0.04315949 0.422417 -2.7840781
-0.043155614 0.42366216 -2.7839866
-0.043599006 0.42590412 -2.7824776
-0.042761475 0.42573613 -2.782338
-0.042379584 0.42487162 -2.7829838
-0.041018635 0.4233262 -2.7832575
-0.04109011 0.42275494 -2.7839005
-0.041804317 0.4226951 -2.7832584
-0.044386715 0.42315736 -2.7814257
-0.045452476 0.4237004 -2.7813928
-0.04647818 0.42536962 -2.7843683
-0.04582405 0.42565727 -2.786097
-0.044903398 0.4251694 -2.7883053
-0.04396078 0.42283028 -2.788049
-0.043308917 0.42091784 -2.78646
-0.04387317 0.42047986 -2.7838533
-0.04503897 0.4219985 -2.775459
-0.04552189 0.42324102 -2.770672
-0.045676652 0.42361286 -2.767573
-0.044895202 0.42321938 -2.770339
-0.044214994 0.4221362 -2.7743094
-0.043304566 0.42248088 -2.780203
-0.042924583 0.42349198 -2.782666
-0.042627186 0.42429653 -2.7835712
-0.041449398 0.42459312 -2.7818131
-0.041762237 0.42374027 -2.781697
-0.041580766 0.42275226 -2.7809038
-0.041725397 0.4212689 -2.7789984
-0.041700218 0.42046672 -2.7754545
-0.041850958 0.42177993 -2.773872
-0.04114735 0.42245966 -2.7730017
-0.040344566 0.4230284 -2.7741802
-0.040127303 0.42369068 -2.7759635
-0.039258692 0.4238621 -2.7782753
-0.037709508 0.42426935 -2.7797275
-0.03789712 0.42456013 -2.7806087
-0.037593823 0.42451817 -2.7805626
-0.038239032 0.4236133 -2.781483
-0.038574606 0.42336193 -2.7800777
-0.038402826 0.4230444 -2.778854
-0.037004355 0.42172292 -2.7775033
-0.036062896 0.42190748 -2.7778203
-0.035509914 0.42351317 -2.7812893
-0.03475876 0.42574188 -2.7842326
-0.033309758 0.42627355 -2.7868552
-0.030671496 0.42664236 -2.7906811
-0.030316621 0.42620972 -2.7911417
-0.030670686 0.42546296 -2.790267
-0.033268705 0.42521185 -2.7870824
-0.034386445 0.42496264 -2.7848785
-0.03653663 0.42422202 -2.7801251
-0.03699212 0.4219333 -2.7760186
-0.03832084 0.41933277 -2.7713299
-0.038947012 0.4161451 -2.765709
-0.03948209 0.41576433 -2.762861
-0.04009741 0.41599545 -2.7608907
-0.039958302 0.4182729 -2.7594347
-0.039151188 0.41940823 -2.7595572
-0.037616752 0.41920832 -2.7621307
-0.03650552 0.41927302 -2.7644637
-0.03679216 0.4197231 -2.7661624
-0.037281066 0.42150387 -2.7670026
-0.037241638 0.42145276 -2.7678201
-0.03699237 0.42196232 -2.7681284
-0.035928752 0.42262644 -2.7687597
-0.03548917 0.42193305 -2.769169
-0.036104318 0.42152837 -2.7693248
-0.036793057 0.42116332 -2.7694647
-0.03736001 0.42056423 -2.770077
-0.038295325 0.42028916 -2.7711873
-0.03787902 0.4191143 -2.7710695
-0.037412077 0.4187976 -2.7709239
-0.036086142 0.41766798 -2.771378
-0.03657767 0.41799366 -2.7713737
-0.036335796 0.41938347 -2.7715068
-0.036857456 0.42309064 -2.7750795
-0.035360783 0.42522317 -2.78079
-0.031242883 0.42721874 -2.791619
-0.028676078 0.42795447 -2.796516
-0.027616246 0.42783487 -2.7972507
-0.029363466 0.4274275 -2.7970438
-0.03148155 0.42643178 -2.7940714
-0.033214573 0.4259518 -2.7917945
-0.03347239 0.42444515 -2.7870262
-0.033127237 0.4235869 -2.7831597
-0.03496422 0.4229388 -2.7799873
-0.035442483 0.42217484 -2.778746
-0.034930382 0.4219628 -2.7773647
-0.034455817 0.42255944 -2.7747579
-0.03335929 0.42341205 -2.7752042
-0.032886073 0.4246469 -2.7755113
-0.031483874 0.42775065 -2.777243
-0.031181416 0.4288863 -2.7807937
-0.030439766 0.42952287 -2.7865872
-0.02972576 0.4287362 -2.7928636
-0.029277723 0.42820644 -2.796857
-0.029022202 0.4291794 -2.7981431
-0.030119954 0.43031293 -2.7985682
-0.030261574 0.4310736 -2.7982264
-0.030067759 0.4307306 -2.7968264
-0.03011571 0.42883205 -2.7937248
-0.03102222 0.427066 -2.79127
-0.03515424 0.42601064 -2.7924442
-0.040229395 0.4274214 -2.7953844
-0.05076306 0.43305272 -2.8053272
-0.057063002 0.43897974 -2.8134215
-0.06292616 0.44382367 -2.8206682
-0.076130524 0.44689888 -2.8288212
-0.08342992 0.44662383 -2.8342175
-0.09041994 0.4460336 -2.8395455
-0.11913878 0.43353248 -2.8112009
-0.12819153 0.43747163 -2.799856
-0.13651854 0.44667014 -2.7823415
-0.13479474 0.45083037 -2.7834578
-0.13288115 0.45364797 -2.78542
-0.13004123 0.45803106 -2.788445
-0.12637322 0.45473823 -2.792256
-0.11984096 0.45337442 -2.7945738
-0.117045 0.4497968 -2.795215
-0.11538278 0.44777915 -2.7968402
-0.11177426 0.44827634 -2.802049
-0.11265266 0.4500588 -2.8006024
-0.11431663 0.44945714 -2.8006644
-0.112332605 0.45030034 -2.8061442
-0.112425774 0.45053977 -2.805508
-0.11275116 0.45296717 -2.7992613
-0.11364615 0.4509958 -2.7944543
-0.11377292 0.4496383 -2.7922757
-0.11152402 0.44865704 -2.7929442
-0.11111121 0.44784647 -2.7921288
-0.10556558 0.4462825 -2.8053079
-0.102584325 0.44778073 -2.8108692
-0.100549966 0.44972724 -2.813422
-0.09973534 0.45243135 -2.8147998
-0.100462675 0.452457 -2.8146324
-0.100879535 0.45278928 -2.814651
-0.10416177 0.45220247 -2.8141515
-0.10579424 0.45014358 -2.8146179
-0.10650161 0.44505674 -2.8151996
-0.106318705 0.44104192 -2.816556
-0.10630376 0.43806607 -2.816418
-0.105906464 0.43346298 -2.8166137
-0.1058586 0.4322647 -2.8173177
-0.106364235 0.4315445 -2.8181338
-0.10819532 0.43054673 -2.819302
-0.10886202 0.4308182 -2.822071
-0.108851746 0.42808878 -2.8294466
-0.10858845 0.4265043 -2.832136
-0.10898198 0.4249652 -2.8334262
-0.108740315 0.42353612 -2.8348153
-0.10867881 0.42435777 -2.8344178
-0.10878415 0.4263182 -2.8339646
-0.11035246 0.43035692 -2.82968
-0.11286823 0.43213016 -2.8232415
-0.11375033 0.43355274 -2.818778
-0.11513777 0.43562317 -2.8109028
-0.11563179 0.43537253 -2.8077307
-0.11482508 0.4362594 -2.807895
-0.11352134 0.43591112 -2.8104577
-0.11228069 0.4357244 -2.815295
-0.11160785 0.43720835 -2.822593
-0.11031527 0.4363293 -2.827658
-0.10871881 0.43537968 -2.8309824
-0.10922985 0.4335208 -2.8302906
-0.110988215 0.4321045 -2.8251417
-0.11475046 0.42966947 -2.8158212
-0.11683621 0.42838007 -2.8132045
-0.11691323 0.42732313 -2.8142605
-0.11629826 0.42674434 -2.8182697
-0.114467636 0.42747194 -2.8227007
-0.11272235 0.42824236 -2.826835
-0.11128868 0.42761996 -2.8280602
-0.1089618 0.42824206 -2.8321993
-0.10053962 0.43072528 -2.846275
-0.09592012 0.43412358 -2.8519766
-0.092127174 0.43812823 -2.855103
-0.086569846 0.4432237 -2.8564603
-0.08631051 0.44334295 -2.8543797
-0.08768543 0.44286537 -2.8508618
-0.08871212 0.44238716 -2.8461041
-0.089989424 0.44046074 -2.8431525
-0.088111944 0.44009817 -2.8437934
-0.08739615 0.44030032 -2.844074
-0.08752775 0.44007143 -2.8430114
-0.09125161 0.43929487 -2.8349524
-0.092928335 0.43799478 -2.8319192
-0.094938405 0.43694305 -2.8296814
-0.09332694 0.43614376 -2.8334334
-0.0905316 0.43616176 -2.8382711
-0.08819228 0.437151 -2.841207
-0.086787336 0.4375771 -2.844166
-0.08619373 0.43764508 -2.8457031
-0.08843998 0.43736053 -2.8441823
-0.090493396 0.43697795 -2.843352
-0.092315614 0.4361959 -2.8437438
-0.09391473 0.43593156 -2.8458824
-0.09485105 0.43572327 -2.8470283
-0.09469525 0.43539584 -2.8492222
-0.09467082 0.43514428 -2.8502934
-0.09506805 0.4345644 -2.8489556
-0.09736107 0.4323536 -2.8449876
-0.09967999 0.4307527 -2.8420887
-0.10134928 0.4303025 -2.8396065
-0.1051842 0.43063784 -2.8338668
-0.10692533 0.43105316 -2.8310075
-0.10990737 0.43133146 -2.828178
-0.110391684 0.43138728 -2.8291497
-0.11041408 0.4314514 -2.8303027
-0.11127504 0.4312033 -2.829983
-0.111282274 0.43055236 -2.8303764
-0.111802235 0.4305833 -2.8303056
-0.1102031 0.43113852 -2.8356423
-0.10751671 0.43123108 -2.8413408
-0.10559916 0.43154496 -2.8454442
-0.10337253 0.43124053 -2.8455777
-0.10346674 0.4311597 -2.8434138
-0.10295023 0.4289406 -2.8378408
-0.104132555 0.42775926 -2.8329256
-0.10568679 0.42733747 -2.8278933
-0.108403586 0.4262996 -2.8198922
-0.11045183 0.4263121 -2.8164744
-0.11061208 0.42651588 -2.8152382
-0.10944288 0.42685232 -2.8175302
-0.10848133 0.42710102 -2.820551
-0.10761694 0.42791507 -2.8268292
-0.10791762 0.42797726 -2.8291173
-0.10626243 0.42893398 -2.834865
-0.10419184 0.42918143 -2.8395169
-0.10263613 0.43017828 -2.8437386
-0.100539334 0.43210685 -2.8480325
-0.10248891 0.43299857 -2.8456945
-0.10407 0.43320566 -2.8420057
-0.10690897 0.43295988 -2.8367028
-0.1081774 0.43292633 -2.8341868
-0.10824212 0.43377924 -2.8340518
-0.10702928 0.43415898 -2.8353877
-0.1069067 0.4341335 -2.8347852
-0.10825679 0.4333175 -2.8324819
-0.110228494 0.4321385 -2.829216
-0.11366015 0.43030834 -2.8230543
-0.11556596 0.42942286 -2.818846
-0.11662087 0.4294421 -2.816329
-0.11880615 0.42869934 -2.8133755
-0.119463645 0.42784083 -2.8129478
-0.11926432 0.42723432 -2.8120193
-0.1189724 0.42561302 -2.8122382
-0.11883142 0.4245722 -2.8129976
-0.118527755 0.4233056 -2.8134625
-0.11706905 0.42363444 -2.8131073
-0.11683908 0.4237278 -2.8126938
-0.117301844 0.42322382 -2.8102484
-0.11784536 0.42349592 -2.806591
-0.11839581 0.42389587 -2.806162
-0.11965565 0.42444414 -2.801596
-0.119204566 0.42518902 -2.8014762
-0.11750125 0.42739272 -2.8065195
-0.11686714 0.42945176 -2.8095818
-0.11562301 0.43058193 -2.813735
-0.11259249 0.43328696 -2.8210676
-0.11132477 0.43417618 -2.826427
-0.11078187 0.43468678 -2.8295445
-0.11120206 0.43311673 -2.828939
-0.11195064 0.43141675 -2.8264112
-0.11063434 0.43058008 -2.8292158
-0.10919182 0.42998487 -2.8309658
-0.10769523 0.42957968 -2.8326674
-0.10513271 0.43005443 -2.835633
-0.10516099 0.43139058 -2.8344936
-0.10603065 0.43172958 -2.8323367
-0.10858827 0.4314382 -2.8291948
-0.10993256 0.431359 -2.826626
-0.11040519 0.43122312 -2.8244407
-0.11038336 0.43109366 -2.8214207
-0.11034713 0.43076977 -2.8205602
-0.11038122 0.4306091 -2.8206742
-0.11064575 0.43090352 -2.8196616
-0.11165705 0.43100855 -2.8173547
-0.11225934 0.4305194 -2.81604
-0.112830244 0.42989784 -2.8145928
-0.11343901 0.42928714 -2.814218
-0.114309706 0.429518 -2.8142495
-0.11437644 0.42928207 -2.8148139
-0.11443758 0.42922586 -2.8149047
-0.11358691 0.43020642 -2.8158767
-0.11266986 0.4301895 -2.8181055
-0.11108224 0.43008193 -2.8203838
-0.109744295 0.42990983 -2.8220506
-0.109011576 0.42996693 -2.8214858
-0.10924934 0.43126538 -2.8206897
-0.10941809 0.4321015 -2.819928
-0.10872768 0.43263936 -2.820247
-0.10777714 0.43377522 -2.8208852
-0.10735544 0.43477663 -2.8211865
-0.10726952 0.4353811 -2.8225675
-0.10619773 0.43548134 -2.825189
-0.104670905 0.43482092 -2.828076
-0.102338895 0.43373203 -2.831703
-0.10174981 0.43288887 -2.8319194
-0.101898566 0.43250215 -2.830921
-0.10219023 0.43183148 -2.831178
-0.10384871 0.43206754 -2.8303308
-0.10456134 0.43210068 -2.829376
-0.106347054 0.43259686 -2.8240576
-0.10775051 0.4332223 -2.8204744
-0.109202385 0.4341504 -2.8208427
-0.10850046 0.43533835 -2.8230326
-0.10708308 0.4374535 -2.826085
-0.10703308 0.4373919 -2.8259158
-0.106670514 0.4371348 -2.8276129
-0.11186095 0.4326284 -2.8104625
-0.114282325 0.43475837 -2.8009536
-0.11729622 0.43911606 -2.7931988
-0.123725094 0.449955 -2.7834556
-0.12637012 0.45385623 -2.7865908
-0.1301458 0.45581752 -2.7916403
-0.13987805 0.46057633 -2.795516
-0.14633946 0.45929644 -2.7984693
-0.1627143 0.4601308 -2.8075044
-0.17488654 0.45719332 -2.8068593
-0.18760276 0.4546173 -2.802131
-0.20719191 0.45241302 -2.8006709
-0.21750177 0.45150858 -2.801914
-0.22566375 0.4515576 -2.8070292
-0.23755416 0.4514444 -2.8187876
-0.24094042 0.45009714 -2.8236592
-0.24515934 0.4486691 -2.8272123
-0.24552634 0.44828427 -2.8233423
-0.24575569 0.44862407 -2.819771
-0.24484041 0.4486719 -2.8152363
-0.24193294 0.4461738 -2.8105717
-0.23917875 0.4433024 -2.8072104
-0.23584165 0.4392398 -2.803609
-0.23509692 0.43771762 -2.8016095
-0.23359753 0.43689138 -2.8012214
-0.23327978 0.43725616 -2.8034306
-0.23266454 0.4377156 -2.8067458
-0.23098208 0.43762717 -2.8106596
-0.23108941 0.43780172 -2.8127337
-0.23178142 0.4374141 -2.812555
-0.2354615 0.43576264 -2.8101625
-0.23805162 0.43373185 -2.807996
-0.23760518 0.43006736 -2.8155742
-0.2386355 0.4284135 -2.8146188
-0.2371379 0.42961174 -2.8218687
-0.23701465 0.43138418 -2.8226874
-0.23940274 0.43135488 -2.8159382
-0.24335217 0.42956713 -2.8033223
-0.24398765 0.42806917 -2.8022957
-0.24417639 0.42723513 -2.8009677
-0.24587674 0.42551893 -2.7949243
-0.24636067 0.42454928 -2.7931795
-0.24832119 0.42362142 -2.7882652
-0.24851508 0.4228344 -2.7865283
-0.248693 0.4223681 -2.7851322
-0.24731107 0.4220867 -2.7828295
-0.24469095 0.42218187 -2.7857401
-0.24336459 0.422079 -2.7871113
-0.24225971 0.42255542 -2.793537
-0.23987687 0.42414796 -2.800718
-0.2365523 0.4262867 -2.8058846
-0.2346938 0.4271325 -2.8083098
-0.2346106 0.42785123 -2.8113787
-0.23626184 0.42879307 -2.812658
-0.23751442 0.4286027 -2.8128507
-0.23710836 0.42814088 -2.8121784
-0.235458 0.42716712 -2.8103526
-0.23457536 0.42610392 -2.8080292
-0.23550616 0.42518997 -2.8073227
-0.23598926 0.42491838 -2.8073852
-0.23622176 0.42427695 -2.8070135
-0.2359273 0.42433733 -2.8067536
-0.23533565 0.4240086 -2.8075721
-0.23444998 0.42389748 -2.8077242
-0.23581442 0.42399597 -2.8077075
-0.23568001 0.4241758 -2.8069057
-0.23726982 0.42412198 -2.8046625
-0.23832218 0.42362612 -2.8031132
-0.23871705 0.4230715 -2.801351
-0.2396131 0.4215416 -2.799284
-0.23947124 0.42086706 -2.7987049
-0.23877996 0.42076766 -2.796996
-0.23935679 0.41978022 -2.796722
-0.23938267 0.41924688 -2.7978656
-0.23974632 0.41937402 -2.7976117
-0.24143727 0.4202848 -2.7932217
-0.2424367 0.42149228 -2.7920423
-0.24354567 0.4222141 -2.7888308
-0.24374272 0.42244685 -2.7870984
-0.24408244 0.42208123 -2.7873757
-0.2440418 0.42174688 -2.7870665
-0.24243654 0.4216305 -2.7880712
-0.24233629 0.4207747 -2.7877426
-0.24126731 0.41987583 -2.7871559
-0.24013355 0.41925249 -2.7866778
-0.23916994 0.41870114 -2.785366
-0.23926537 0.41892478 -2.7859132
-0.23967992 0.4187673 -2.7851484
-0.24131057 0.41794986 -2.7839088
-0.24173856 0.41790968 -2.7833037
-0.24177256 0.41853756 -2.7833517
-0.24025905 0.41890514 -2.7852006
-0.23871882 0.41947478 -2.7866204
-0.23741396 0.42115542 -2.789907
-0.23675705 0.4218629 -2.7913375
-0.23681831 0.42248243 -2.792252
-0.23639464 0.42376205 -2.7944376
-0.23510756 0.42357916 -2.7959678
-0.235235 0.4233477 -2.798575
-0.23451595 0.42359698 -2.8013113
-0.23376681 0.4237124 -2.8026302
-0.23305008 0.42388302 -2.803392
-0.23285562 0.42466798 -2.8029554
-0.2336225 0.42504293 -2.8008993
-0.23349448 0.425207 -2.8014157
-0.23349303 0.4252107 -2.8013258
-0.23298876 0.42555422 -2.8029995
-0.2323243 0.425845 -2.805698
-0.23187158 0.42570806 -2.8071404
-0.23228507 0.4255215 -2.8076477
-0.23271766 0.42427436 -2.8061612
-0.23388997 0.42380548 -2.8040314
-0.23514985 0.42330554 -2.8004968
-0.23572461 0.42334652 -2.797463
-0.23679933 0.42331234 -2.7939925
-0.23777351 0.42229426 -2.7906158
-0.23783618 0.42240852 -2.7901142
-0.23784779 0.4224091 -2.7906077
-0.2376433 0.42302614 -2.794571
-0.23669857 0.42441136 -2.7981873
-0.23593996 0.42607477 -2.8043215
-0.23639862 0.42692262 -2.8074496
-0.23567978 0.4276477 -2.8109128
-0.23533541 0.42827383 -2.8163586
-0.2348972 0.42791247 -2.8192847
-0.23419574 0.42814702 -2.8208106
-0.23341937 0.42873713 -2.824825
-0.23287883 0.42885 -2.8259158
-0.23265684 0.42917615 -2.8263283
-0.23152764 0.4303533 -2.8254123
-0.23246051 0.43040147 -2.8226612
-0.23315336 0.43020278 -2.8176877
-0.23397051 0.42947027 -2.812481
-0.23467103 0.42820445 -2.8084126
-0.23604786 0.4266558 -2.8067527
-0.23585457 0.42615503 -2.8078904
-0.23628472 0.42533162 -2.8089998
-0.23655151 0.4252314 -2.813702
-0.23462401 0.427089 -2.8169746
-0.23344809 0.42869037 -2.8215063
-0.23308723 0.4294668 -2.8246615
-0.23235974 0.4294621 -2.8269706
-0.23058197 0.4298327 -2.8288221
-0.22955976 0.42983663 -2.8278165
-0.23023903 0.4296847 -2.826192
-0.23039016 0.42977658 -2.8231564
-0.23086768 0.4297261 -2.8193219
-0.2308445 0.42984438 -2.8156562
-0.23025347 0.42961338 -2.8119678
-0.23107833 0.42924386 -2.8117435
-0.23212397 0.42894858 -2.812246
-0.23098312 0.42975575 -2.8143346
-0.22936356 0.43100983 -2.8170016
-0.22541273 0.4327374 -2.8233418
-0.22356413 0.43288088 -2.8275034
-0.22352949 0.43288988 -2.832918
-0.22458826 0.43235505 -2.8323493
-0.22392112 0.43218997 -2.8324456
-0.22176501 0.43212658 -2.8313024
-0.22197023 0.43222284 -2.8301234
-0.22316706 0.4315874 -2.8280025
-0.22733976 0.42987022 -2.820959
-0.23146512 0.42828768 -2.8138626
-0.23633763 0.4266904 -2.8051617
-0.2397122 0.42594272 -2.8001893
-0.24177064 0.42486405 -2.7970548
-0.24306557 0.42289683 -2.790538
-0.24284276 0.42159867 -2.7873461
-0.24262038 0.4207043 -2.7859776
-0.24291365 0.41969585 -2.7834747
-0.24228863 0.4193327 -2.782679
-0.24355888 0.41895455 -2.7821627
-0.24458382 0.41926187 -2.7838385
-0.24400288 0.4196753 -2.7856195
-0.24177724 0.42050743 -2.788556
-0.23999286 0.42170215 -2.7915022
-0.2385078 0.42288536 -2.793659
-0.23987588 0.42481628 -2.7936654
-0.23921055 0.4251774 -2.7954547
-0.2386328 0.4255437 -2.7982047
-0.23848052 0.42584154 -2.8018532
-0.23876439 0.42546546 -2.804247
-0.23929045 0.424882 -2.8065703
-0.24002674 0.4243959 -2.8062792
-0.2404498 0.42429557 -2.805675
-0.24070393 0.42404324 -2.806196
-0.23979804 0.42389986 -2.8027506
-0.23990643 0.42333055 -2.8000386
-0.2401241 0.4224369 -2.7965147
-0.2407227 0.4218598 -2.795405
-0.24170801 0.42057067 -2.7939713
-0.2425327 0.41966864 -2.7943568
-0.24302843 0.41910058 -2.793445
-0.24126637 0.41858768 -2.7917109
-0.24002238 0.41893297 -2.7893336
-0.2398785 0.41836023 -2.7835743
-0.2419642 0.41830325 -2.7808957
-0.24330926 0.41764918 -2.77689
-0.24244273 0.41614902 -2.7777636
-0.24130732 0.41328916 -2.7841938
-0.23903234 0.4084925 -2.792077
-0.23577309 0.39327148 -2.7979095
-0.23478152 0.37677673 -2.7957084
-0.24037458 0.31905612 -2.7416573
-0.24183811 0.2921384 -2.6986723
-0.2302011 0.23994733 -2.6438081
-0.21026939 0.19751792 -2.615085
-0.18411568 0.1541159 -2.5926056
-0.12233917 0.07640922 -2.5751135
-0.075944126 0.032866128 -2.5857658
-0.028084325 -0.00089565665 -2.5955045
0.062143505 -0.047559537 -2.6104612
0.110321194 -0.062433854 -2.6251454
0.15267849 -0.07062245 -2.6345453
0.20142871 -0.07368327 -2.6396158
0.18991344 -0.07415483 -2.6309257
0.16650762 -0.074735895 -2.6161706
0.114692934 -0.07577497 -2.579212
0.06297017 -0.072389476 -2.550178
-0.0026332436 -0.06153264 -2.5086534
-0.037033636 -0.05181154 -2.488964
-0.062056217 -0.04411126 -2.4743419
-0.08959735 -0.039227 -2.4516857
-0.08913431 -0.04364261 -2.4393377
-0.083917186 -0.050039537 -2.4219317
-0.06582058 -0.06433772 -2.3793175
-0.042424478 -0.0760404 -2.3504531
-0.018826291 -0.08628674 -2.3175128
0.025064843 -0.10154964 -2.2564337
0.053113803 -0.108903274 -2.222377
0.09271677 -0.10855278 -2.1566544
0.10655879 -0.10415042 -2.1220715
0.115311764 -0.099099666 -2.088663
0.12052655 -0.087274924 -2.0311036
0.107234366 -0.080382556 -2.0063517
0.08002769 -0.07052708 -1.9589821
0.05290644 -0.06679199 -1.937915
0.028097134 -0.063878916 -1.9197484
-0.015006262 -0.06252475 -1.8860117
-0.039066583 -0.065530695 -1.8745801
-0.058702074 -0.070262305 -1.8646936
-0.088094175 -0.08498028 -1.8469852
-0.09600339 -0.09807538 -1.8379678
-0.11115561 -0.1180822 -1.8169676
-0.114689276 -0.12974107 -1.7991748
-0.117992535 -0.13747835 -1.7764568
-0.13030823 -0.14211333 -1.7291144
-0.13842863 -0.1402093 -1.6912084
-0.162572 -0.13903955 -1.6031071
-0.18067232 -0.13735577 -1.5420711
-0.19920726 -0.13348967 -1.4805509
-0.236258 -0.1235045 -1.3720615
-0.25796986 -0.11564112 -1.3157985
-0.2780156 -0.10864324 -1.2633612
-0.30972162 -0.09778546 -1.1614407
-0.32269204 -0.09642026 -1.1140769
-0.3370383 -0.09134654 -1.024079
-0.33808252 -0.09405398 -0.98926353
-0.33708104 -0.098841384 -0.9590527
-0.33603913 -0.11284806 -0.9141381
-0.3332827 -0.12311694 -0.9084054
-0.33305252 -0.13689613 -0.89086115
-0.33285314 -0.14127907 -0.8928584
-0.3339409 -0.14239511 -0.8906359
-0.3331934 -0.13939925 -0.8707286
-0.33499995 -0.13470134 -0.8573044
-0.35026783 -0.13046959 -0.8251171
-0.36148545 -0.1300998 -0.7989095
-0.38486692 -0.13535424 -0.73747116
-0.39375633 -0.13770434 -0.6996801
-0.39985174 -0.1385319 -0.6641871
-0.4091667 -0.13720375 -0.60037494
-0.4103421 -0.13680717 -0.5673921
-0.4096522 -0.13763058 -0.53650177
-0.40630266 -0.1387053 -0.53591615

Confidence threshold: 100
Depth min and max range values: 0.499746173620224, 20.0
Frame count: -1.

